10 (458)
2 (418)
2 10 (172)
18 (418)
18 10 (172)
18 2 (174)
18 2 10 (90)
6 (418)
6 10 (172)
6 2 (160)
6 2 10 (46)
6 18 (160)
6 18 10 (46)
6 18 2 10 (15)
14 (418)
14 10 (172)
14 2 (160)
14 2 10 (46)
14 18 (160)
14 18 10 (46)
14 18 2 10 (15)
14 6 (174)
14 6 10 (90)
14 6 2 10 (15)
14 6 18 10 (15)
12 (378)
12 10 (160)
12 18 2 10 (15)
12 6 18 (78)
12 6 18 10 (12)
12 6 18 2 (12)
12 14 6 10 (15)
12 14 6 18 (12)
4 (378)
4 10 (160)
4 18 2 10 (15)
4 6 2 (78)
4 6 2 10 (12)
4 6 18 2 (12)
4 14 6 10 (15)
4 14 6 2 (12)
4 12 (111)
4 12 6 2 (12)
4 12 6 18 (12)
4 12 14 (19)
8 (378)
8 10 (160)
8 18 2 10 (15)
8 14 2 (78)
8 14 2 10 (12)
8 14 18 2 (12)
8 14 6 10 (15)
8 14 6 2 (12)
8 12 10 (78)
8 12 2 10 (12)
8 12 18 10 (12)
8 12 6 10 (12)
8 12 6 18 (12)
8 12 14 10 (12)
8 12 14 2 (12)
8 4 (111)
8 4 18 (19)
8 4 6 2 (12)
8 4 14 2 (12)
8 4 12 (34)
8 4 12 10 (12)
16 (378)
16 10 (160)
16 18 2 10 (15)
16 14 18 (78)
16 14 18 10 (12)
16 14 18 2 (12)
16 14 6 10 (15)
16 14 6 18 (12)
16 12 (111)
16 12 2 (19)
16 12 6 18 (12)
16 12 14 18 (12)
16 4 10 (78)
16 4 2 10 (12)
16 4 18 10 (12)
16 4 6 10 (12)
16 4 6 2 (12)
16 4 14 10 (12)
16 4 14 18 (12)
16 4 12 (34)
16 4 12 10 (12)
16 8 (111)
16 8 6 (19)
16 8 14 2 (12)
16 8 14 18 (12)
16 8 12 (34)
16 8 12 10 (12)
16 8 4 (34)
16 8 4 10 (12)
9 (340)
9 2 (168)
9 18 (168)
9 18 2 (68)
9 6 (168)
9 14 (168)
9 14 6 (68)
9 12 (155)
9 12 2 (57)
9 12 18 2 (21)
9 12 6 18 (38)
9 12 14 (57)
9 12 14 6 (21)
9 4 (155)
9 4 18 (57)
9 4 18 2 (21)
9 4 6 2 (38)
9 4 14 (57)
9 4 14 6 (21)
9 4 12 (58)
9 4 12 14 (14)
9 8 (155)
9 8 18 (57)
9 8 18 2 (21)
9 8 6 (57)
9 8 14 2 (38)
9 8 14 6 (21)
9 8 12 (66)
9 8 12 2 (22)
9 8 12 18 (22)
9 8 12 6 (22)
9 8 12 14 (22)
9 8 4 (58)
9 8 4 18 (14)
9 8 4 12 (19)
9 16 (155)
9 16 2 (57)
9 16 18 2 (21)
9 16 6 (57)
9 16 14 18 (38)
9 16 14 6 (21)
9 16 12 (58)
9 16 12 2 (14)
9 16 4 (66)
9 16 4 2 (22)
9 16 4 18 (22)
9 16 4 6 (22)
9 16 4 14 (22)
9 16 4 12 (19)
9 16 8 (58)
9 16 8 6 (14)
9 16 8 12 (19)
9 16 8 4 (19)
5 (335)
5 10 (178)
5 2 10 (80)
5 18 10 (80)
5 18 2 10 (45)
5 14 2 (70)
5 14 18 (70)
5 14 18 2 (28)
5 14 18 2 10 (10)
5 12 (139)
5 12 10 (70)
5 12 2 10 (22)
5 12 18 (60)
5 12 18 2 10 (10)
5 12 14 (47)
5 4 (139)
5 4 10 (70)
5 4 2 (60)
5 4 18 10 (22)
5 4 18 2 10 (10)
5 4 14 (47)
5 4 12 (48)
5 4 12 2 (15)
5 4 12 18 (15)
5 8 (177)
5 8 18 (63)
5 8 18 2 10 (10)
5 8 14 2 (38)
5 8 12 10 (38)
5 8 12 18 (22)
5 8 4 (59)
5 8 4 2 (22)
5 8 4 18 (14)
5 16 (177)
5 16 2 (63)
5 16 18 2 10 (10)
5 16 14 18 (38)
5 16 12 (59)
5 16 12 2 (14)
5 16 12 18 (22)
5 16 4 10 (38)
5 16 4 2 (22)
5 16 8 (70)
5 16 8 2 (21)
5 16 8 18 (21)
5 16 8 12 (22)
5 16 8 4 (22)
5 9 (103)
5 9 2 (60)
5 9 18 (60)
5 9 18 2 (30)
5 9 12 (53)
5 9 12 2 (26)
5 9 12 18 (28)
5 9 12 18 2 (11)
5 9 4 (53)
5 9 4 2 (28)
5 9 4 18 (26)
5 9 4 18 2 (11)
5 9 4 12 (24)
5 9 4 12 2 (10)
5 9 4 12 18 (10)
5 9 8 (63)
5 9 8 2 (35)
5 9 8 18 (30)
5 9 8 14 2 (17)
5 9 8 12 (30)
5 9 8 12 18 (12)
5 9 8 4 (28)
5 9 8 4 18 (10)
5 9 8 4 12 (11)
5 9 16 (63)
5 9 16 2 (30)
5 9 16 18 (35)
5 9 16 14 18 (17)
5 9 16 12 (28)
5 9 16 12 2 (10)
5 9 16 4 (30)
5 9 16 4 2 (12)
5 9 16 4 12 (11)
5 9 16 8 (32)
5 9 16 8 12 (12)
5 9 16 8 4 (12)
13 (335)
13 10 (178)
13 2 10 (80)
13 18 10 (80)
13 18 2 10 (45)
13 6 2 (70)
13 6 18 (70)
13 6 18 2 (28)
13 6 18 2 10 (10)
13 12 (177)
13 12 2 (63)
13 12 18 2 10 (10)
13 12 6 18 (38)
13 4 (177)
13 4 18 (63)
13 4 18 2 10 (10)
13 4 6 2 (38)
13 4 12 (70)
13 4 12 2 (21)
13 4 12 18 (21)
13 8 (139)
13 8 10 (70)
13 8 2 (60)
13 8 18 10 (22)
13 8 18 2 10 (10)
13 8 6 (47)
13 8 12 10 (38)
13 8 12 2 (22)
13 8 4 (59)
13 8 4 2 (22)
13 8 4 18 (14)
13 8 4 12 (22)
13 16 (139)
13 16 10 (70)
13 16 2 10 (22)
13 16 18 (60)
13 16 18 2 10 (10)
13 16 6 (47)
13 16 12 (59)
13 16 12 2 (14)
13 16 12 18 (22)
13 16 4 10 (38)
13 16 4 18 (22)
13 16 4 12 (22)
13 16 8 (48)
13 16 8 2 (15)
13 16 8 18 (15)
13 9 (103)
13 9 2 (60)
13 9 18 (60)
13 9 18 2 (30)
13 9 12 (63)
13 9 12 2 (30)
13 9 12 18 (35)
13 9 12 6 18 (17)
13 9 4 (63)
13 9 4 2 (35)
13 9 4 18 (30)
13 9 4 6 2 (17)
13 9 4 12 (32)
13 9 8 (53)
13 9 8 2 (28)
13 9 8 18 (26)
13 9 8 18 2 (11)
13 9 8 12 (30)
13 9 8 12 2 (12)
13 9 8 4 (28)
13 9 8 4 18 (10)
13 9 8 4 12 (12)
13 9 16 (53)
13 9 16 2 (26)
13 9 16 18 (28)
13 9 16 18 2 (11)
13 9 16 12 (28)
13 9 16 12 2 (10)
13 9 16 4 (30)
13 9 16 4 18 (12)
13 9 16 4 12 (12)
13 9 16 8 (24)
13 9 16 8 2 (10)
13 9 16 8 18 (10)
13 9 16 8 12 (11)
13 9 16 8 4 (11)
13 5 (112)
13 5 10 (58)
13 5 2 (63)
13 5 2 10 (31)
13 5 18 (63)
13 5 18 10 (31)
13 5 18 2 10 (19)
13 5 12 (63)
13 5 12 10 (30)
13 5 12 2 (29)
13 5 12 18 (31)
13 5 4 (63)
13 5 4 10 (30)
13 5 4 2 (31)
13 5 4 18 (29)
13 5 4 12 (30)
13 5 4 12 2 (11)
13 5 4 12 18 (11)
13 5 8 (63)
13 5 8 10 (30)
13 5 8 2 (31)
13 5 8 18 (29)
13 5 8 12 (35)
13 5 8 12 10 (17)
13 5 8 4 (30)
13 5 8 4 2 (12)
13 5 8 4 18 (10)
13 5 16 (63)
13 5 16 10 (30)
13 5 16 2 (29)
13 5 16 18 (31)
13 5 16 12 (30)
13 5 16 12 2 (10)
13 5 16 12 18 (12)
13 5 16 4 (35)
13 5 16 4 10 (17)
13 5 16 8 (30)
13 5 16 8 2 (11)
13 5 16 8 18 (11)
13 5 9 (50)
13 5 9 2 (30)
13 5 9 18 (30)
13 5 9 18 2 (16)
13 5 9 12 (30)
13 5 9 12 2 (16)
13 5 9 12 18 (16)
13 5 9 4 (30)
13 5 9 4 2 (16)
13 5 9 4 18 (16)
13 5 9 4 12 (16)
13 5 9 8 (30)
13 5 9 8 2 (16)
13 5 9 8 18 (16)
13 5 9 8 12 (16)
13 5 9 8 4 (16)
13 5 9 16 (30)
13 5 9 16 2 (16)
13 5 9 16 18 (16)
13 5 9 16 12 (16)
13 5 9 16 4 (16)
13 5 9 16 8 (16)
1 (335)
1 10 (178)
1 6 10 (80)
1 6 18 (70)
1 14 10 (80)
1 14 18 (70)
1 14 6 10 (45)
1 14 6 18 (28)
1 14 6 18 10 (10)
1 12 (177)
1 12 6 18 (38)
1 12 14 (63)
1 12 14 6 10 (10)
1 4 (139)
1 4 10 (70)
1 4 18 (47)
1 4 6 (60)
1 4 14 10 (22)
1 4 14 6 10 (10)
1 4 12 (59)
1 4 12 6 (22)
1 4 12 14 (14)
1 8 (139)
1 8 10 (70)
1 8 18 (47)
1 8 6 10 (22)
1 8 14 (60)
1 8 14 6 10 (10)
1 8 12 10 (38)
1 8 12 14 (22)
1 8 4 (48)
1 8 4 6 (15)
1 8 4 14 (15)
1 16 (177)
1 16 6 (63)
1 16 14 18 (38)
1 16 14 6 10 (10)
1 16 12 (70)
1 16 12 6 (21)
1 16 12 14 (21)
1 16 4 10 (38)
1 16 4 6 (22)
1 16 4 12 (22)
1 16 8 (59)
1 16 8 6 (14)
1 16 8 14 (22)
1 16 8 12 (22)
1 9 (103)
1 9 6 (60)
1 9 14 (60)
1 9 14 6 (30)
1 9 12 (63)
1 9 12 6 (35)
1 9 12 6 18 (17)
1 9 12 14 (30)
1 9 4 (53)
1 9 4 6 (28)
1 9 4 14 (26)
1 9 4 14 6 (11)
1 9 4 12 (28)
1 9 4 12 14 (10)
1 9 8 (53)
1 9 8 6 (26)
1 9 8 14 (28)
1 9 8 14 6 (11)
1 9 8 12 (30)
1 9 8 12 14 (12)
1 9 8 4 (24)
1 9 8 4 6 (10)
1 9 8 4 14 (10)
1 9 8 4 12 (11)
1 9 16 (63)
1 9 16 6 (30)
1 9 16 14 (35)
1 9 16 14 18 (17)
1 9 16 12 (32)
1 9 16 4 (30)
1 9 16 4 6 (12)
1 9 16 4 12 (12)
1 9 16 8 (28)
1 9 16 8 6 (10)
1 9 16 8 12 (12)
1 9 16 8 4 (11)
1 5 (96)
1 5 18 (51)
1 5 18 10 (26)
1 5 14 (51)
1 5 14 10 (26)
1 5 14 18 10 (10)
1 5 12 (54)
1 5 12 18 (26)
1 5 12 18 10 (11)
1 5 12 14 (24)
1 5 12 14 18 (10)
1 5 4 10 (26)
1 5 8 (54)
1 5 8 18 (24)
1 5 8 14 (26)
1 5 8 14 10 (11)
1 5 8 14 18 (10)
1 5 8 12 (29)
1 5 8 12 10 (13)
1 5 8 12 18 (11)
1 5 8 12 14 (11)
1 5 16 (64)
1 5 16 14 18 (13)
1 5 16 12 (30)
1 5 16 12 18 (12)
1 5 16 4 10 (17)
1 5 16 8 (30)
1 5 16 8 14 (12)
1 5 16 8 12 (12)
1 5 9 (19)
1 5 9 12 (14)
1 5 9 4 (12)
1 5 9 8 (14)
1 5 9 8 12 (10)
1 5 9 16 (15)
1 5 9 16 12 (10)
1 5 9 16 8 (10)
1 13 (96)
1 13 18 (51)
1 13 18 10 (26)
1 13 6 (51)
1 13 6 10 (26)
1 13 6 18 10 (10)
1 13 12 (64)
1 13 12 6 18 (13)
1 13 4 (54)
1 13 4 18 (24)
1 13 4 6 (26)
1 13 4 6 10 (11)
1 13 4 6 18 (10)
1 13 4 12 (30)
1 13 4 12 6 (12)
1 13 8 10 (26)
1 13 8 12 10 (17)
1 13 16 (54)
1 13 16 18 (26)
1 13 16 18 10 (11)
1 13 16 6 (24)
1 13 16 6 18 (10)
1 13 16 12 (30)
1 13 16 12 18 (12)
1 13 16 4 (29)
1 13 16 4 10 (13)
1 13 16 4 18 (11)
1 13 16 4 6 (11)
1 13 16 4 12 (12)
1 13 9 (19)
1 13 9 12 (15)
1 13 9 4 (14)
1 13 9 4 12 (10)
1 13 9 8 (12)
1 13 9 16 (14)
1 13 9 16 12 (10)
1 13 9 16 4 (10)
1 13 5 18 (14)
1 13 5 12 18 (10)
1 13 5 16 18 (10)
1 13 5 16 12 (10)
17 (335)
17 10 (178)
17 1 (112)
17 1 10 (58)
17 6 10 (80)
17 6 2 (70)
17 6 1 (63)
17 6 1 10 (31)
17 14 10 (80)
17 14 2 (70)
17 14 1 (63)
17 14 1 10 (31)
17 14 6 10 (45)
17 14 6 2 (28)
17 14 6 2 10 (10)
17 14 6 1 10 (19)
17 12 (139)
17 12 10 (70)
17 12 2 (47)
17 12 1 (63)
17 12 1 10 (30)
17 12 6 (60)
17 12 6 1 (31)
17 12 14 10 (22)
17 12 14 1 (29)
17 12 14 6 10 (10)
17 4 (177)
17 4 1 (63)
17 4 1 10 (30)
17 4 6 2 (38)
17 4 6 1 (31)
17 4 14 (63)
17 4 14 1 (29)
17 4 14 6 10 (10)
17 4 12 (59)
17 4 12 1 (30)
17 4 12 6 (22)
17 4 12 6 1 (12)
17 4 12 14 (14)
17 4 12 14 1 (10)
17 8 (177)
17 8 1 (63)
17 8 1 10 (30)
17 8 6 (63)
17 8 6 1 (29)
17 8 14 2 (38)
17 8 14 1 (31)
17 8 14 6 10 (10)
17 8 12 10 (38)
17 8 12 1 (35)
17 8 12 1 10 (17)
17 8 12 6 (22)
17 8 4 (70)
17 8 4 1 (30)
17 8 4 6 (21)
17 8 4 6 1 (11)
17 8 4 14 (21)
17 8 4 14 1 (11)
17 8 4 12 (22)
17 16 (139)
17 16 10 (70)
17 16 2 (47)
17 16 1 (63)
17 16 1 10 (30)
17 16 6 10 (22)
17 16 6 1 (29)
17 16 14 (60)
17 16 14 1 (31)
17 16 14 6 10 (10)
17 16 12 (48)
17 16 12 1 (30)
17 16 12 6 (15)
17 16 12 6 1 (11)
17 16 12 14 (15)
17 16 12 14 1 (11)
17 16 4 10 (38)
17 16 4 1 (35)
17 16 4 1 10 (17)
17 16 4 14 (22)
17 16 8 (59)
17 16 8 1 (30)
17 16 8 6 (14)
17 16 8 6 1 (10)
17 16 8 14 (22)
17 16 8 14 1 (12)
17 16 8 4 (22)
17 9 (103)
17 9 1 (50)
17 9 6 (60)
17 9 6 1 (30)
17 9 14 (60)
17 9 14 1 (30)
17 9 14 6 (30)
17 9 14 6 1 (16)
17 9 12 (53)
17 9 12 1 (30)
17 9 12 6 (28)
17 9 12 6 1 (16)
17 9 12 14 (26)
17 9 12 14 1 (16)
17 9 12 14 6 (11)
17 9 4 (63)
17 9 4 1 (30)
17 9 4 6 (35)
17 9 4 6 2 (17)
17 9 4 6 1 (16)
17 9 4 14 (30)
17 9 4 14 1 (16)
17 9 4 12 (28)
17 9 4 12 1 (16)
17 9 4 12 14 (10)
17 9 8 (63)
17 9 8 1 (30)
17 9 8 6 (30)
17 9 8 6 1 (16)
17 9 8 14 (35)
17 9 8 14 2 (17)
17 9 8 14 1 (16)
17 9 8 12 (30)
17 9 8 12 1 (16)
17 9 8 12 6 (12)
17 9 8 4 (32)
17 9 8 4 1 (16)
17 9 8 4 12 (12)
17 9 16 (53)
17 9 16 1 (30)
17 9 16 6 (26)
17 9 16 6 1 (16)
17 9 16 14 (28)
17 9 16 14 1 (16)
17 9 16 14 6 (11)
17 9 16 12 (24)
17 9 16 12 1 (16)
17 9 16 12 6 (10)
17 9 16 12 14 (10)
17 9 16 4 (30)
17 9 16 4 1 (16)
17 9 16 4 14 (12)
17 9 16 4 12 (11)
17 9 16 8 (28)
17 9 16 8 1 (16)
17 9 16 8 6 (10)
17 9 16 8 12 (11)
17 9 16 8 4 (12)
17 5 (96)
17 5 2 (51)
17 5 2 10 (26)
17 5 14 (51)
17 5 14 10 (26)
17 5 14 2 10 (10)
17 5 14 1 (14)
17 5 12 10 (26)
17 5 4 (54)
17 5 4 2 (26)
17 5 4 2 10 (11)
17 5 4 14 (24)
17 5 4 14 2 (10)
17 5 8 (64)
17 5 8 14 2 (13)
17 5 8 14 1 (10)
17 5 8 12 10 (17)
17 5 8 4 (30)
17 5 8 4 2 (12)
17 5 16 (54)
17 5 16 2 (24)
17 5 16 14 (26)
17 5 16 14 10 (11)
17 5 16 14 2 (10)
17 5 16 14 1 (10)
17 5 16 4 (29)
17 5 16 4 10 (13)
17 5 16 4 2 (11)
17 5 16 4 14 (11)
17 5 16 8 (30)
17 5 16 8 1 (10)
17 5 16 8 14 (12)
17 5 16 8 4 (12)
17 5 9 (19)
17 5 9 12 (12)
17 5 9 4 (14)
17 5 9 8 (15)
17 5 9 8 4 (10)
17 5 9 16 (14)
17 5 9 16 4 (10)
17 5 9 16 8 (10)
17 13 (96)
17 13 2 (51)
17 13 2 10 (26)
17 13 6 (51)
17 13 6 10 (26)
17 13 6 2 10 (10)
17 13 6 1 (14)
17 13 12 (54)
17 13 12 2 (24)
17 13 12 6 (26)
17 13 12 6 10 (11)
17 13 12 6 2 (10)
17 13 12 6 1 (10)
17 13 4 (64)
17 13 4 6 2 (13)
17 13 4 6 1 (10)
17 13 4 12 (30)
17 13 4 12 1 (10)
17 13 4 12 6 (12)
17 13 8 (54)
17 13 8 2 (26)
17 13 8 2 10 (11)
17 13 8 6 (24)
17 13 8 6 2 (10)
17 13 8 12 (29)
17 13 8 12 10 (13)
17 13 8 12 2 (11)
17 13 8 12 6 (11)
17 13 8 4 (30)
17 13 8 4 2 (12)
17 13 8 4 12 (12)
17 13 16 10 (26)
17 13 16 4 10 (17)
17 13 9 (19)
17 13 9 12 (14)
17 13 9 4 (15)
17 13 9 4 12 (10)
17 13 9 8 (14)
17 13 9 8 12 (10)
17 13 9 8 4 (10)
17 13 9 16 (12)
17 13 5 2 (14)
17 13 5 4 2 (10)
17 13 5 8 2 (10)
17 13 5 8 4 (10)
15 10 (175)
15 2 (187)
15 2 10 (86)
15 18 (149)
15 18 10 (75)
15 18 2 (82)
15 18 2 10 (45)
15 6 (187)
15 6 10 (86)
15 6 2 10 (29)
15 6 18 (76)
15 6 18 10 (28)
15 6 18 2 10 (10)
15 14 (149)
15 14 10 (75)
15 14 2 (76)
15 14 2 10 (28)
15 14 18 2 10 (10)
15 14 6 (82)
15 14 6 10 (45)
15 14 6 2 10 (10)
15 14 6 18 10 (10)
15 12 10 (76)
15 12 18 10 (28)
15 12 18 2 10 (10)
15 12 6 18 (38)
15 12 14 10 (22)
15 12 14 6 10 (10)
15 4 2 (72)
15 4 18 2 10 (10)
15 4 6 (72)
15 4 6 2 (38)
15 4 14 6 10 (10)
15 4 12 (49)
15 8 10 (76)
15 8 18 10 (22)
15 8 18 2 10 (10)
15 8 14 10 (28)
15 8 14 2 (38)
15 8 14 6 10 (10)
15 8 12 10 (38)
15 8 4 (49)
15 1 10 (48)
15 1 6 10 (31)
15 1 6 18 (26)
15 1 14 10 (27)
15 1 14 6 10 (19)
15 1 12 6 18 (17)
15 1 8 10 (26)
15 1 8 12 10 (17)
15 9 (96)
15 9 2 (61)
15 9 18 (51)
15 9 18 2 (28)
15 9 6 (61)
15 9 14 (51)
15 9 14 18 (24)
15 9 14 18 2 (11)
15 9 14 6 (28)
15 9 14 6 18 (11)
15 9 12 (54)
15 9 12 2 (28)
15 9 12 18 2 (11)
15 9 12 6 18 (13)
15 9 12 14 (24)
15 9 12 14 18 (10)
15 9 4 6 2 (17)
15 9 8 (54)
15 9 8 18 (24)
15 9 8 6 (28)
15 9 8 14 2 (13)
15 9 8 14 18 (10)
15 9 8 14 6 (11)
15 9 8 12 (28)
15 9 8 12 2 (12)
15 9 8 12 18 (11)
15 9 8 12 6 (12)
15 9 8 12 14 (11)
15 9 1 (15)
15 9 1 14 (11)
15 9 1 8 (11)
15 5 10 (48)
15 5 2 10 (31)
15 5 18 10 (27)
15 5 18 2 10 (19)
15 5 14 2 (26)
15 5 12 10 (26)
15 5 8 14 2 (17)
15 5 8 12 10 (17)
15 5 9 (15)
15 5 9 18 (11)
15 5 9 12 (11)
15 13 (105)
15 13 18 (52)
15 13 18 10 (30)
15 13 18 2 (32)
15 13 18 2 10 (19)
15 13 6 18 (29)
15 13 6 18 2 (15)
15 13 12 2 (31)
15 13 12 18 (31)
15 13 12 18 10 (15)
15 13 12 6 18 (17)
15 13 4 (54)
15 13 4 10 (27)
15 13 4 6 10 (11)
15 13 4 6 2 (13)
15 13 4 12 (28)
15 13 8 (54)
15 13 8 2 (29)
15 13 8 6 (26)
15 13 8 12 10 (13)
15 13 8 12 2 (12)
15 13 8 4 (24)
15 13 9 12 2 (10)
15 13 9 8 (14)
15 13 9 8 2 (10)
15 13 9 8 12 (10)
15 17 (105)
15 17 14 (52)
15 17 14 10 (30)
15 17 14 2 (29)
15 17 14 6 (32)
15 17 14 6 10 (19)
15 17 14 6 2 (15)
15 17 12 (54)
15 17 12 2 (26)
15 17 12 6 (29)
15 17 4 (54)
15 17 4 10 (27)
15 17 4 2 10 (11)
15 17 4 6 2 (13)
15 17 4 12 (24)
15 17 8 6 (31)
15 17 8 14 (31)
15 17 8 14 10 (15)
15 17 8 14 2 (17)
15 17 8 12 10 (13)
15 17 8 12 6 (12)
15 17 8 4 (28)
15 17 9 12 (14)
15 17 9 12 6 (10)
15 17 9 8 6 (10)
15 17 9 8 12 (10)
15 17 13 (36)
15 17 13 10 (21)
15 17 13 2 (21)
15 17 13 2 10 (12)
15 17 13 6 (21)
15 17 13 6 10 (12)
15 17 13 12 (21)
15 17 13 12 2 (12)
15 17 13 12 6 (12)
15 17 13 4 (21)
15 17 13 4 10 (12)
15 17 13 4 12 (12)
15 17 13 8 (21)
15 17 13 8 2 (12)
15 17 13 8 6 (12)
15 17 13 8 4 (12)
11 10 (175)
11 2 (187)
11 2 10 (86)
11 18 (149)
11 18 10 (75)
11 18 2 (82)
11 18 2 10 (45)
11 6 (149)
11 6 10 (75)
11 6 2 (76)
11 6 2 10 (28)
11 6 18 2 10 (10)
11 14 (187)
11 14 10 (86)
11 14 2 10 (29)
11 14 18 (76)
11 14 18 10 (28)
11 14 18 2 10 (10)
11 14 6 (82)
11 14 6 10 (45)
11 14 6 2 10 (10)
11 14 6 18 10 (10)
11 1 10 (48)
11 1 6 10 (27)
11 1 14 10 (31)
11 1 14 18 (26)
11 1 14 6 10 (19)
11 4 10 (76)
11 4 18 10 (22)
11 4 18 2 10 (10)
11 4 6 10 (28)
11 4 6 2 (38)
11 4 14 6 10 (10)
11 4 1 10 (26)
11 8 2 (72)
11 8 18 2 10 (10)
11 8 14 (72)
11 8 14 2 (38)
11 8 14 6 10 (10)
11 8 4 (49)
11 16 10 (76)
11 16 18 10 (28)
11 16 18 2 10 (10)
11 16 6 10 (22)
11 16 14 18 (38)
11 16 14 6 10 (10)
11 16 1 14 18 (17)
11 16 4 10 (38)
11 16 4 1 10 (17)
11 16 8 (49)
11 9 (96)
11 9 2 (61)
11 9 18 (51)
11 9 18 2 (28)
11 9 6 (51)
11 9 6 18 (24)
11 9 6 18 2 (11)
11 9 14 (61)
11 9 14 6 (28)
11 9 14 6 18 (11)
11 9 1 (15)
11 9 1 6 (11)
11 9 4 (54)
11 9 4 18 (24)
11 9 4 6 2 (13)
11 9 4 6 18 (10)
11 9 4 14 (28)
11 9 4 14 6 (11)
11 9 4 1 (11)
11 9 8 14 2 (17)
11 9 16 (54)
11 9 16 2 (28)
11 9 16 18 2 (11)
11 9 16 6 (24)
11 9 16 6 18 (10)
11 9 16 14 18 (13)
11 9 16 4 (28)
11 9 16 4 2 (12)
11 9 16 4 18 (11)
11 9 16 4 6 (11)
11 9 16 4 14 (12)
11 5 (105)
11 5 18 (52)
11 5 18 10 (30)
11 5 18 2 (32)
11 5 18 2 10 (19)
11 5 14 18 (29)
11 5 14 18 2 (15)
11 5 4 (54)
11 5 4 2 (29)
11 5 4 14 (26)
11 5 8 (54)
11 5 8 10 (27)
11 5 8 14 10 (11)
11 5 8 14 2 (13)
11 5 8 4 (24)
11 5 16 2 (31)
11 5 16 18 (31)
11 5 16 18 10 (15)
11 5 16 14 18 (17)
11 5 16 4 10 (13)
11 5 16 4 2 (12)
11 5 16 8 (28)
11 5 9 4 (14)
11 5 9 4 2 (10)
11 5 9 16 2 (10)
11 5 9 16 4 (10)
11 13 10 (48)
11 13 2 10 (31)
11 13 18 10 (27)
11 13 18 2 10 (19)
11 13 6 2 (26)
11 13 4 6 2 (17)
11 13 16 10 (26)
11 13 16 4 10 (17)
11 13 9 (15)
11 13 9 18 (11)
11 13 9 16 (11)
11 17 (105)
11 17 6 (52)
11 17 6 10 (30)
11 17 6 2 (29)
11 17 14 6 (32)
11 17 14 6 10 (19)
11 17 14 6 2 (15)
11 17 4 6 (31)
11 17 4 6 10 (15)
11 17 4 6 2 (17)
11 17 4 14 (31)
11 17 8 (54)
11 17 8 10 (27)
11 17 8 2 10 (11)
11 17 8 14 2 (13)
11 17 8 4 (28)
11 17 16 (54)
11 17 16 2 (26)
11 17 16 14 (29)
11 17 16 4 10 (13)
11 17 16 4 14 (12)
11 17 16 8 (24)
11 17 9 4 14 (10)
11 17 9 16 (14)
11 17 9 16 14 (10)
11 17 9 16 4 (10)
11 17 5 (36)
11 17 5 10 (21)
11 17 5 2 (21)
11 17 5 2 10 (12)
11 17 5 14 (21)
11 17 5 14 10 (12)
11 17 5 4 (21)
11 17 5 4 2 (12)
11 17 5 4 14 (12)
11 17 5 8 (21)
11 17 5 8 10 (12)
11 17 5 8 4 (12)
11 17 5 16 (21)
11 17 5 16 2 (12)
11 17 5 16 14 (12)
11 17 5 16 8 (12)
11 15 (81)
11 15 10 (51)
11 15 2 (61)
11 15 2 10 (34)
11 15 18 10 (26)
11 15 18 2 (31)
11 15 18 2 10 (19)
11 15 6 (51)
11 15 6 10 (30)
11 15 6 2 (33)
11 15 6 2 10 (15)
11 15 14 (51)
11 15 14 10 (30)
11 15 14 2 (33)
11 15 14 2 10 (15)
11 15 14 6 (31)
11 15 14 6 10 (19)
11 15 4 2 (30)
11 15 4 6 (26)
11 15 4 6 2 (17)
11 15 8 2 (30)
11 15 8 14 (26)
11 15 8 14 2 (17)
3 10 (175)
3 2 (149)
3 2 10 (75)
3 18 (187)
3 18 10 (86)
3 18 2 (82)
3 18 2 10 (45)
3 6 (149)
3 6 10 (75)
3 6 18 (76)
3 6 18 10 (28)
3 6 18 2 10 (10)
3 14 (187)
3 14 10 (86)
3 14 2 (76)
3 14 2 10 (28)
3 14 18 10 (29)
3 14 18 2 10 (10)
3 14 6 (82)
3 14 6 10 (45)
3 14 6 2 10 (10)
3 14 6 18 10 (10)
3 12 10 (76)
3 12 2 10 (22)
3 12 18 2 10 (10)
3 12 6 10 (28)
3 12 6 18 (38)
3 12 14 6 10 (10)
3 1 (105)
3 1 6 (52)
3 1 6 10 (30)
3 1 6 18 (29)
3 1 14 6 (32)
3 1 14 6 10 (19)
3 1 14 6 18 (15)
3 1 12 6 (31)
3 1 12 6 10 (15)
3 1 12 6 18 (17)
3 1 12 14 (31)
3 8 10 (76)
3 8 2 10 (28)
3 8 18 2 10 (10)
3 8 6 10 (22)
3 8 14 2 (38)
3 8 14 6 10 (10)
3 8 12 10 (38)
3 8 1 (54)
3 8 1 18 (26)
3 8 1 14 (29)
3 8 1 12 10 (13)
3 8 1 12 14 (12)
3 16 18 (72)
3 16 18 2 10 (10)
3 16 14 (72)
3 16 14 18 (38)
3 16 14 6 10 (10)
3 16 12 (49)
3 16 1 (54)
3 16 1 10 (27)
3 16 1 18 10 (11)
3 16 1 14 18 (13)
3 16 1 12 (28)
3 16 8 (49)
3 16 8 1 (24)
3 9 (96)
3 9 2 (51)
3 9 18 (61)
3 9 18 2 (28)
3 9 6 (51)
3 9 6 2 (24)
3 9 6 18 2 (11)
3 9 14 (61)
3 9 14 6 (28)
3 9 14 6 2 (11)
3 9 12 (54)
3 9 12 2 (24)
3 9 12 6 2 (10)
3 9 12 6 18 (13)
3 9 12 14 (28)
3 9 12 14 6 (11)
3 9 1 12 14 (10)
3 9 8 (54)
3 9 8 18 (28)
3 9 8 18 2 (11)
3 9 8 6 (24)
3 9 8 6 2 (10)
3 9 8 14 2 (13)
3 9 8 12 (28)
3 9 8 12 2 (11)
3 9 8 12 18 (12)
3 9 8 12 6 (11)
3 9 8 12 14 (12)
3 9 8 1 (14)
3 9 8 1 14 (10)
3 9 8 1 12 (10)
3 9 16 14 18 (17)
3 5 (105)
3 5 2 (52)
3 5 2 10 (30)
3 5 18 2 (32)
3 5 18 2 10 (19)
3 5 14 2 (29)
3 5 14 18 2 (15)
3 5 12 (54)
3 5 12 18 (29)
3 5 12 14 (26)
3 5 1 (36)
3 5 1 10 (21)
3 5 1 18 (21)
3 5 1 18 10 (12)
3 5 1 14 (21)
3 5 1 14 10 (12)
3 5 1 12 (21)
3 5 1 12 18 (12)
3 5 1 12 14 (12)
3 5 8 2 (31)
3 5 8 2 10 (15)
3 5 8 18 (31)
3 5 8 14 2 (17)
3 5 8 12 10 (13)
3 5 8 12 18 (12)
3 5 8 1 (21)
3 5 8 1 18 (12)
3 5 8 1 14 (12)
3 5 16 (54)
3 5 16 10 (27)
3 5 16 14 10 (11)
3 5 16 14 18 (13)
3 5 16 12 (24)
3 5 16 1 (21)
3 5 16 1 10 (12)
3 5 16 1 12 (12)
3 5 16 8 (28)
3 5 16 8 1 (12)
3 5 9 12 (14)
3 5 9 12 18 (10)
3 5 9 8 18 (10)
3 5 9 8 12 (10)
3 13 10 (48)
3 13 2 10 (27)
3 13 18 10 (31)
3 13 18 2 10 (19)
3 13 6 18 (26)
3 13 12 6 18 (17)
3 13 8 10 (26)
3 13 8 12 10 (17)
3 13 9 (15)
3 13 9 2 (11)
3 13 9 8 (11)
3 17 10 (48)
3 17 6 10 (27)
3 17 14 10 (31)
3 17 14 2 (26)
3 17 14 6 10 (19)
3 17 12 10 (26)
3 17 8 14 2 (17)
3 17 8 12 10 (17)
3 17 9 (15)
3 17 9 6 (11)
3 17 9 12 (11)
3 15 10 (62)
3 15 2 10 (33)
3 15 18 10 (33)
3 15 18 2 10 (19)
3 15 6 10 (33)
3 15 6 18 10 (15)
3 15 14 10 (33)
3 15 14 2 10 (15)
3 15 14 6 10 (19)
3 15 12 10 (32)
3 15 12 18 10 (15)
3 15 12 6 10 (15)
3 15 12 6 18 (13)
3 15 8 10 (32)
3 15 8 2 10 (15)
3 15 8 14 10 (15)
3 15 8 14 2 (13)
3 15 8 12 10 (17)
3 15 9 (36)
3 15 9 2 (21)
3 15 9 18 (21)
3 15 9 18 2 (12)
3 15 9 6 (21)
3 15 9 6 2 (12)
3 15 9 14 (21)
3 15 9 14 18 (12)
3 15 9 14 6 (12)
3 15 9 12 (21)
3 15 9 12 2 (12)
3 15 9 12 14 (12)
3 15 9 8 (21)
3 15 9 8 18 (12)
3 15 9 8 6 (12)
3 15 9 8 12 (12)
3 11 (81)
3 11 10 (51)
3 11 2 (51)
3 11 2 10 (30)
3 11 18 (51)
3 11 18 10 (30)
3 11 18 2 (31)
3 11 18 2 10 (19)
3 11 6 10 (26)
3 11 14 (61)
3 11 14 10 (34)
3 11 14 2 (33)
3 11 14 2 10 (15)
3 11 14 18 (33)
3 11 14 18 10 (15)
3 11 14 6 (31)
3 11 14 6 10 (19)
3 11 8 2 (26)
3 11 8 14 (30)
3 11 8 14 2 (17)
3 11 16 18 (26)
3 11 16 14 (30)
3 11 16 14 18 (17)
3 11 15 10 (12)
7 10 (175)
7 2 (149)
7 2 10 (75)
7 18 (187)
7 18 10 (86)
7 18 2 (82)
7 18 2 10 (45)
7 6 (187)
7 6 10 (86)
7 6 2 (76)
7 6 2 10 (28)
7 6 18 10 (29)
7 6 18 2 10 (10)
7 14 (149)
7 14 10 (75)
7 14 18 (76)
7 14 18 10 (28)
7 14 18 2 10 (10)
7 14 6 (82)
7 14 6 10 (45)
7 14 6 2 10 (10)
7 14 6 18 10 (10)
7 12 18 (72)
7 12 18 2 10 (10)
7 12 6 (72)
7 12 6 18 (38)
7 12 14 6 10 (10)
7 4 10 (76)
7 4 2 10 (28)
7 4 18 2 10 (10)
7 4 6 2 (38)
7 4 14 10 (22)
7 4 14 6 10 (10)
7 4 12 (49)
7 1 (105)
7 1 14 (52)
7 1 14 10 (30)
7 1 14 18 (29)
7 1 14 6 (32)
7 1 14 6 10 (19)
7 1 14 6 18 (15)
7 1 12 (54)
7 1 12 10 (27)
7 1 12 18 10 (11)
7 1 12 6 18 (13)
7 1 4 (54)
7 1 4 18 (26)
7 1 4 6 (29)
7 1 4 12 (24)
7 16 10 (76)
7 16 2 10 (22)
7 16 18 2 10 (10)
7 16 14 10 (28)
7 16 14 18 (38)
7 16 14 6 10 (10)
7 16 12 (49)
7 16 4 10 (38)
7 16 1 6 (31)
7 16 1 14 (31)
7 16 1 14 10 (15)
7 16 1 14 18 (17)
7 16 1 12 (28)
7 16 1 4 10 (13)
7 16 1 4 6 (12)
7 9 (96)
7 9 2 (51)
7 9 18 (61)
7 9 18 2 (28)
7 9 6 (61)
7 9 14 (51)
7 9 14 2 (24)
7 9 14 18 2 (11)
7 9 14 6 (28)
7 9 14 6 2 (11)
7 9 12 6 18 (17)
7 9 4 (54)
7 9 4 18 (28)
7 9 4 18 2 (11)
7 9 4 6 2 (13)
7 9 4 14 (24)
7 9 4 14 2 (10)
7 9 1 4 (14)
7 9 1 4 6 (10)
7 9 16 (54)
7 9 16 2 (24)
7 9 16 6 (28)
7 9 16 14 2 (10)
7 9 16 14 18 (13)
7 9 16 14 6 (11)
7 9 16 4 (28)
7 9 16 4 2 (11)
7 9 16 4 18 (12)
7 9 16 4 6 (12)
7 9 16 4 14 (11)
7 9 16 1 6 (10)
7 9 16 1 4 (10)
7 5 10 (48)
7 5 2 10 (27)
7 5 18 10 (31)
7 5 18 2 10 (19)
7 5 14 18 (26)
7 5 4 10 (26)
7 5 16 14 18 (17)
7 5 16 4 10 (17)
7 5 9 (15)
7 5 9 2 (11)
7 5 9 4 (11)
7 13 (105)
7 13 2 (52)
7 13 2 10 (30)
7 13 18 2 (32)
7 13 18 2 10 (19)
7 13 6 2 (29)
7 13 6 18 2 (15)
7 13 12 (54)
7 13 12 10 (27)
7 13 12 6 10 (11)
7 13 12 6 18 (13)
7 13 4 2 (31)
7 13 4 2 10 (15)
7 13 4 18 (31)
7 13 4 6 2 (17)
7 13 4 12 (28)
7 13 1 (36)
7 13 1 10 (21)
7 13 1 18 (21)
7 13 1 18 10 (12)
7 13 1 6 (21)
7 13 1 6 10 (12)
7 13 1 12 (21)
7 13 1 12 10 (12)
7 13 1 4 (21)
7 13 1 4 18 (12)
7 13 1 4 6 (12)
7 13 1 4 12 (12)
7 13 16 (54)
7 13 16 18 (29)
7 13 16 6 (26)
7 13 16 12 (24)
7 13 16 4 10 (13)
7 13 16 4 18 (12)
7 13 16 1 (21)
7 13 16 1 18 (12)
7 13 16 1 6 (12)
7 13 16 1 12 (12)
7 13 9 4 18 (10)
7 13 9 16 (14)
7 13 9 16 18 (10)
7 13 9 16 4 (10)
7 17 10 (48)
7 17 6 10 (31)
7 17 6 2 (26)
7 17 14 10 (27)
7 17 14 6 10 (19)
7 17 4 6 2 (17)
7 17 16 10 (26)
7 17 16 4 10 (17)
7 17 9 (15)
7 17 9 14 (11)
7 17 9 16 (11)
7 15 (81)
7 15 10 (51)
7 15 2 (51)
7 15 2 10 (30)
7 15 18 (51)
7 15 18 10 (30)
7 15 18 2 (31)
7 15 18 2 10 (19)
7 15 6 (61)
7 15 6 10 (34)
7 15 6 2 (33)
7 15 6 2 10 (15)
7 15 6 18 (33)
7 15 6 18 10 (15)
7 15 14 10 (26)
7 15 14 6 (31)
7 15 14 6 10 (19)
7 15 12 18 (26)
7 15 12 6 (30)
7 15 12 6 18 (17)
7 15 4 2 (26)
7 15 4 6 (30)
7 15 4 6 2 (17)
7 11 10 (62)
7 11 2 10 (33)
7 11 18 10 (33)
7 11 18 2 10 (19)
7 11 6 10 (33)
7 11 6 2 10 (15)
7 11 14 10 (33)
7 11 14 18 10 (15)
7 11 14 6 10 (19)
7 11 4 10 (32)
7 11 4 2 10 (15)
7 11 4 6 10 (15)
7 11 4 6 2 (13)
7 11 16 10 (32)
7 11 16 18 10 (15)
7 11 16 14 10 (15)
7 11 16 14 18 (13)
7 11 16 4 10 (17)
7 11 9 (36)
7 11 9 2 (21)
7 11 9 18 (21)
7 11 9 18 2 (12)
7 11 9 6 (21)
7 11 9 6 18 (12)
7 11 9 14 (21)
7 11 9 14 2 (12)
7 11 9 14 6 (12)
7 11 9 4 (21)
7 11 9 4 18 (12)
7 11 9 4 14 (12)
7 11 9 16 (21)
7 11 9 16 2 (12)
7 11 9 16 6 (12)
7 11 9 16 4 (12)
7 11 15 10 (12)
7 3 (81)
7 3 10 (51)
7 3 2 10 (26)
7 3 18 (61)
7 3 18 10 (34)
7 3 18 2 (31)
7 3 18 2 10 (19)
7 3 6 (51)
7 3 6 10 (30)
7 3 6 18 (33)
7 3 6 18 10 (15)
7 3 14 (51)
7 3 14 10 (30)
7 3 14 18 (33)
7 3 14 18 10 (15)
7 3 14 6 (31)
7 3 14 6 10 (19)
7 3 12 18 (30)
7 3 12 6 (26)
7 3 12 6 18 (17)
7 3 15 10 (12)
7 3 16 18 (30)
7 3 16 14 (26)
7 3 16 14 18 (17)
7 3 11 10 (12)
